"Latitude" "Longitude" "Crop" "SoilSampleID" "Se" "Zn" "Bio1" "Bio12" "EVI" "MB1" "MB2" "MB3" "MB7" "Slope" "TIM" "ph" "org"
6.616588684 39.1398032 "Teff" "GeoN-ETH18-Soil-1838" 0.0509 29.988577395 179 1068 5200 495 3453 303 852 8.390644073 8.5509758 5.335 5.9715
6.61687228 39.13790769 "Teff" "GeoN-ETH18-Soil-1837" 0.0577 27.60016126 179 1068 5200 495 3453 303 852 8.390644073 8.5509758 5.27 4.596
7.13596352 38.57586257 "Teff" "GeoN-ETH18-Soil-1906" 0.734638131 30.18296771 179 1210 3361 853 2738 487 1886 0.259430379 10.21212673 6.06 2.19
7.227435583 38.69549577 "Teff" "GeoN-ETH18-Soil-1868" 0.0927 36.12673513 169 943 3674 891 3000 498 1630 0.899533808 9.238562584 5.03 1.794
7.363428353 38.70147055 "Teff" "GeoN-ETH18-Soil-1882" 0.14624897 36.45558778 179 913 2886 1083 2746 621 2156 1.684718966 9.92817688 6.11 2.993
7.382579833 38.72830936 "Teff" "GeoN-ETH18-Soil-1883" 0.306661029 32.34148674 179 841 2662 1051 2570 577 1880 2.86855197 11.08767891 6.46 1.291
7.44364585 38.7694394 "Teff" "GeoN-ETH18-Soil-1887" 0.0804 35.99704503 187 734 2693 1100 2675 587 1829 3.320839643 9.672823906 7.41 2.2812
7.549970415 36.49636711 "Teff" "GeoN-ETH18-Soil-1284" 0.117822804 31.41783407 172 1759 4664 507 3067 318 868 7.228404522 7.683243752 5.57 3.318
7.636875214 39.82370898 "Teff" "GeoN-ETH18-Soil-1992" 0.110637968 27.10822502 158 1454 2716 810 2304 433 1367 2.241932631 10.83059883 6.33 1.55
7.642209142 39.21658114 "Teff" "GeoN-ETH18-Soil-1590" 0.0323 31.09301958 153 887 3851 859 3101 475 1559 1.872317553 12.09727669 6.52 5.999
7.742777396 37.37846573 "Teff" "GeoN-ETH18-Soil-1676" 0.05525608 32.99498478 176 1506.5 2791.5 807.5 2358.5 428.5 1256.5 2.089593023 7.163962841 5.655 2.7515
7.744324763 37.38167421 "Teff" "GeoN-ETH18-Soil-1270" 0.05711216 34.67329866 179 1429 2897 814 2428 437 1284 0.980697095 6.85246706 5.61 2.62
7.755720252 36.27676332 "Teff" "GeoN-ETH18-Soil-1704" 0.05555 41.225212925 165 1929 4688 526 3194 300 850 0.942303896 12.85678864 5.1 4.6615
7.755988457 36.27669637 "Teff" "GeoN-ETH18-Soil-1705" 0.054 40.89341652 165 1929 4688 526 3194 300 850 0.942303896 12.85678864 5.42 4.985
7.784572017 36.92713857 "Teff" "GeoN-ETH18-Soil-1684" 0.0357 33.31700661 166 2048 3959 718 2921 445 1176 1.665137887 6.860195637 5.11 4.487
7.864515878 39.8175338 "Teff" "GeoN-ETH18-Soil-2002" 0.0442 30.51519148 158 1160 2493 867 2260 439 1355 1.584395528 8.851657867 5.93 2.49
7.875495842 39.62312849 "Teff" "GeoN-ETH18-Soil-2005" 0.0451 29.42499527 155 1133 3231 893 2740 489 1490 0.334101856 8.646286964 6.57 2.19
7.893355305 39.62588534 "Teff" "GeoN-ETH18-Soil-2006" 0.214208867 24.54677059 154 1161 2951 878 2549 458 1441 0.74374181 10.33474255 5.94 3.295
7.905004479 36.08701058 "Teff" "GeoN-ETH18-Soil-1698" 0.0356 33.94033158 149 2067 4237 669 3028 427 1167 2.308530331 7.820301533 4.88 4.137
7.939201154 39.72469439 "Teff" "GeoN-ETH18-Soil-2112" 0.177218274 28.9314554 154 1228 2073 781 1900 417 1361 1.463883162 10.4033556 6.16 1.62
7.942897846 39.60083269 "Teff" "GeoN-ETH18-Soil-2007" 0.0971 24.98614861 153 1073 3097 867 2619 471 1477 0.692307949 9.019132614 6.09 1.527
7.95507591 37.29952468 "Teff" "GeoN-ETH18-Soil-1677" 0.032 33.7536552 168 1781 3427 819 2746 500 1373 2.576702595 8.495540619 4.76 3.794
7.982674734 36.18651505 "Teff" "GeoN-ETH18-Soil-1699" 0.0497 30.70769702 153 2356 4026 716 2990 434 1171 1.143675685 7.954566002 4.94 3.332
8.015229744 37.20338805 "Teff" "GeoN-ETH18-Soil-1279" 0.0329 29.75987303 173 1468 3589 783 2836 434 1293 1.106488466 8.908419609 5.02 2.687
8.019814907 39.56375749 "Teff" "GeoN-ETH18-Soil-2104" 0.00878 30.6199545 144 1141 3091 858 2592 473 1541 2.890412331 9.861809731 5.63 5.38
8.049905695 39.72714088 "Teff" "GeoN-ETH18-Soil-2110" 0.044 29.98664597 150 1345 2510 819 2170 465 1393 1.218681335 10.68982697 6.29 1.69
8.073634985 39.73634144 "Teff" "GeoN-ETH18-Soil-2109" 99999 31.1092778 149 1333 2994 888 2597 470 1493 0.259428352 9.289402962 5.98 3.44
8.138810111 36.45976981 "Teff" "GeoN-ETH18-Soil-1921" 0.0654 31.46375108 158 2648 3672 742 2794 459 1102 7.70126152 8.316353798 4.82 1.75
8.262895166 39.32935278 "Teff" "GeoN-ETH18-Soil-2120" 0.394646825 32.58894882 196 754 2107 1497 2838 745 2624 1.851175666 9.006194115 8.2 0.9878
8.290909066 39.31417838 "Teff" "GeoN-ETH18-Soil-2118" 0.288816617 32.63062875 197 793 2126 1359 2653 702 2586 0.935308516 14.04298592 8.06 2.6225
8.302419867 39.32270648 "Teff" "GeoN-ETH18-Soil-2013" 0.368243283 32.27640219 198 792 2070 1392 2657 720 2567 0.634157121 15.13628292 8.1 2.682
8.304685247 36.03609717 "Teff" "GeoN-ETH18-Soil-1969" 0.039 31.9060584 162 1966 3916 685 2830 440 1147 1.764580488 8.562901497 4.7 3.98
8.316223219 40.03115025 "Teff" "GeoN-ETH18-Soil-2142" 0.499918121 28.19988735 189 1057 3936 650 2865 355 997 9.273464203 8.35168457 6.12 2.074
8.320146678 36.50005376 "Teff" "GeoN-ETH18-Soil-1974" 0.0263 27.85017751 152 2537 3678 808 2825 533 1115 7.251402378 8.929751396 5.5 4.35
8.35295884 39.63855864 "Teff" "GeoN-ETH18-Soil-2122" 0.230334187 28.48017098 172 836 2938 772 2436 396 1256 9.831547737 7.982722759 6.56 1.632
8.358146962 39.47286079 "Teff" "GeoN-ETH18-Soil-2009" 0.456393261 31.64053513 201 845 2148 1096 2338 565 1996 0.668183506 10.77506828 8.07 1.4881
8.368750742 39.70643179 "Teff" "GeoN-ETH18-Soil-2124" 0.275966694 26.13788037 174 800 2822 714 2281 386 1218 2.959495783 13.1512022 5.84 2.307
8.369949365 39.70047573 "Teff" "GeoN-ETH18-Soil-2123" 0.1906927 27.17012317 174 800 2683 725 2218 377 1249 3.218093634 10.78278637 6.13 2.958
8.391071881 36.32442618 "Teff" "GeoN-ETH18-Soil-1917" 0.0318 33.01054693 173 1733 4326 578 3010 323 1079 1.271380305 8.783378601 5.18 2.48
8.396361654 36.45884453 "Teff" "GeoN-ETH18-Soil-1977" 0.0506 30.34007606 178 1724 4146 587 2888 348 1030 1.296939135 12.75722504 4.77 2.37
8.409931932 39.52258954 "Teff" "GeoN-ETH18-Soil-2008" 0.0944 33.48611672 206 831 2007 1359 2606 665 2271 2.115606308 7.853674889 7.85 1.4914
8.411300358 39.76368932 "Teff" "GeoN-ETH18-Soil-2126" 0.189437486 41.97047583 182 819 2780 786 2348 418 1488 4.086000443 8.576090813 5.9 3.768
8.415737453 38.63092031 "Teff" "GeoN-ETH18-Soil-1387" 0.0471 32.5594739 162 1329 2959 896 2553 504 1446 2.223955393 8.601259232 6.01 1.606
8.429591549 39.73538124 "Teff" "GeoN-ETH18-Soil-2125" 0.245575583 26.10463558 188 834 2658 927 2474 454 1658 0.86985296 7.894999981 6.28 1.851
8.444792085 39.59174501 "Teff" "GeoN-ETH18-Soil-2121" 0.459833993 32.31698247 219 616 1982 1215 2421 569 2174 1.100536823 11.55575752 7.86 2.0142
8.464557432 36.36519843 "Teff" "GeoN-ETH18-Soil-1920" 0.0429 32.47812299 171 2327 3548 737 2748 421 1156 2.67367959 8.650880814 4.74 3.37
8.465489645 39.91580406 "Teff" "GeoN-ETH18-Soil-2130" 0.0477 31.19047985 183 871 2534 817 2246 421 1385 1.382634163 7.58420229 6.28 2.78
8.470759444 39.27011272 "Teff" "GeoN-ETH18-Soil-1350" 99999 34.11913922 201 1017 2288 1305 2681 702 2423 9.154205322 8.551411629 7.22 0.8138
8.474567309 39.79085428 "Teff" "GeoN-ETH18-Soil-2129" 0.283292186 29.23131826 204 753 2264 991 2298 489 1736 2.347943068 11.05851936 7.9 1.3627
8.482282485 39.16184668 "Teff" "GeoN-ETH18-Soil-1352" 0.091 30.72375071 202 856 2088 1275 2532 650 2271 3.402511597 8.155612946 7.96 2.2114
8.486117424 38.2287956 "Teff" "GeoN-ETH18-Soil-1421" 0.0263 32.21385032 158 1180 2329 905 2194 481 1486 1.266214252 10.42816067 5.74 1.452
8.488947144 39.28886489 "Teff" "GeoN-ETH18-Soil-1720" 0.0205 22.22032906 199 1008 1993 1262 2461 646 2176 1.080984354 9.758063316 7.45 0.6759
8.489621414 36.04848587 "Teff" "GeoN-ETH18-Soil-1970" 0.0432 30.9629205 172 2493 3926 588 2704 375 1017 2.591602087 8.440565109 4.71 4.34
8.500512605 39.05996011 "Teff" "GeoN-ETH18-Soil-1339" 0.290154405 27.71354301 199 933 2481 1352 2856 733 2373 0.634153068 13.47384071 6.87 1.246
8.515999597 39.55137917 "Teff" "GeoN-ETH18-Soil-1747" 0.2845230145 32.29877725 223 690 1789 1293 2396 590 2392 1.831596851 12.75494671 7.04 0.5344
8.51685438 39.55208367 "Teff" "GeoN-ETH18-Soil-1746" 0.323174042 33.56877497 223 690 1789 1293 2396 590 2392 1.831596851 12.75494671 7.11 0.4917
8.532241975 39.30271023 "Teff" "GeoN-ETH18-Soil-1344" 0.16706231 28.69288999 206 752 1864 1329 2477 655 2332 1.844520092 11.88062859 7.52 0.6791
8.535614827 39.81504852 "Teff" "GeoN-ETH18-Soil-2128" 0.101605945 37.43037091 211 780 2285 892 2160 463 1858 0.899531364 11.4957037 8.12 2.1287
8.537561447 40.31429777 "Teff" "GeoN-ETH18-Soil-2877" 0.0466 27.41051622 197 1148 2495 1237 2795 582 2229 5.815407276 8.985585213 6.74 0.8978
8.577265458 37.74337783 "Teff" "GeoN-ETH18-Soil-1407" 0.0775 29.74564907 181 1315 2910 893 2534 494 1323 2.497659683 9.608314514 6.02 1.602
8.589879882 37.85868183 "Teff" "GeoN-ETH18-Soil-1408" 0.0258 30.71111342 177 1240 2955 1011 2725 563 1447 1.96081984 12.14906693 6.96 1.075
8.596010392 38.24118503 "Teff" "GeoN-ETH18-Soil-1422" 0.236902962 26.077128 167 952 1957 923 2002 485 1474 1.626782775 10.46682358 6.75 1.15
8.610850528 38.37958019 "Teff" "GeoN-ETH18-Soil-1404" 0.270449197 31.01132325 170 868 1998 948 2050 520 1465 1.447545409 14.96057796 7.07 1.7459
8.624730811 39.10632282 "Teff" "GeoN-ETH18-Soil-1340" 0.244700495 29.86559456 192 790 1917 1117 2257 548 1780 1.468365192 10.02671337 6.75 1.28
8.638199655 39.73857563 "Teff" "GeoN-ETH18-Soil-2127" 0.27762734 30.59958843 231 673 2634 889 2333 514 1706 0.373536229 10.95324707 8.02 2.1156
8.639267778 39.2644808 "Teff" "GeoN-ETH18-Soil-1347" 0.106159453 27.969609285 175 1119 2361.5 1054 2433 537.5 1739 2.38156724 7.5728468895 6.025 1.6885
8.640079639 39.26539574 "Teff" "GeoN-ETH18-Soil-1346" 0.161065546 26.37776495 175 1119 2370 1057 2441 539 1742 2.578935385 8.053043365 6.07 1.632
8.665578205 37.88564316 "Teff" "GeoN-ETH18-Soil-1409" 0.0505 33.43637512 161 1321 3140 1028 2813 648 1489 3.262988091 11.57036114 5.34 1.903
8.670474366 39.26937794 "Teff" "GeoN-ETH18-Soil-1345" 0.0228 28.36764551 172 1044 2247 1057 2363 541 1669 2.889852762 7.908837795 7.49 1.3006
8.681492131 39.49792936 "Teff" "GeoN-ETH18-Soil-1343" 0.112234634 27.48461932 221 675 2135 1000 2250 453 1631 1.063381076 14.8081131 7.91 2.5997
8.68505521 38.53736885 "Teff" "GeoN-ETH18-Soil-1392" 49999.52605 29.855555595 174 947 1910 1162.5 2280 604.5 1763 2.532755256 9.720860483 6.61 0.82795
8.686662789 38.53627455 "Teff" "GeoN-ETH18-Soil-1391" 0.0521 31.45218556 174 947 1938 1156 2289 601 1767 2.488794804 9.337195396 6.31 1.072
8.697290784 39.43838889 "Teff" "GeoN-ETH18-Soil-1348" 0.587309143 43.15743047 212 792 1846 1120 2185 589 2111 1.041555166 12.81614017 7.67 1.4323
8.712474285 38.45834309 "Teff" "GeoN-ETH18-Soil-1402" 0.263486462 35.68485638 175 982 2305 1266 2677 620 1869 2.203248739 8.156317711 6.24 1.785
8.714332367 38.26292768 "Teff" "GeoN-ETH18-Soil-1397" 0.16127307 35.02249308 173 973 2010 945 2077 480 1484 0.602294922 14.39217758 6.6 0.8802
8.735703249 39.55402102 "Teff" "GeoN-ETH18-Soil-1342" 0.564233461 33.06607085 229 597 2149 902 2095 462 1636 1.572972059 11.60138988 7.9 2.0607
8.735801621 39.21523567 "Teff" "GeoN-ETH18-Soil-1336" 0.174006246 20.94438589 176 975 2254 954 2222 518 1485 2.270979166 12.60895157 7.89 1.4583
8.75207242 38.91339001 "Teff" "GeoN-ETH18-Soil-1361" 0.8445795475 36.74925518 186 854 2069 1122 2359 560 1736 1.433309555 11.24745846 6.36 1.981
8.753336173 38.91276289 "Teff" "GeoN-ETH18-Soil-1363" 0.469520812 38.73672049 186 854 2069 1122 2359 560 1736 1.433309555 11.24745846 6.24 2.094
8.762373031 38.92442942 "Teff" "GeoN-ETH18-Soil-1362" 0.396119155 35.23686893 186 837 2472 1061 2512 553 1761 0.993169129 11.64033222 6.71 1.406
8.774301678 38.15720511 "Teff" "GeoN-ETH18-Soil-1417" 0.267249158 28.51555319 173 911 2141 951 2171 476 1499 1.279101372 12.49919891 6.86 1.117
8.789910563 38.26381565 "Teff" "GeoN-ETH18-Soil-1399" 0.0876 32.37656786 176 909 1724 846 1800 434 1306 0.271790683 13.28926849 5.34 4.667
8.791561744 38.32637921 "Teff" "GeoN-ETH18-Soil-1398" 0.146094067 32.13032818 176 932 1933 837 1901 435 1330 0.181194544 14.13162136 6.75 1.181
8.812697876 38.83084082 "Teff" "GeoN-ETH18-Soil-1745" 0.0479 25.1265121 169 1107 2054 956 2132 486 1493 1.23207128 7.807186604 7.94 1.252
8.822254096 38.25578447 "Teff" "GeoN-ETH18-Soil-1415" 0.6375645605 31.4160324 176 920 1987.5 981.5 2111.5 497.5 1467.5 0.187104769 11.928041935 7.095 1.0829
8.82271323 38.25345862 "Teff" "GeoN-ETH18-Soil-1416" 0.78350794 29.19927812 176 920 1905 936 2001 490 1437 0.090597495 13.11692619 7.18 1.0733
8.839978127 38.10612891 "Teff" "GeoN-ETH18-Soil-2363" 99999 30.75208771 158 1092 2993 854 2524 497 1508 2.955354929 12.69422913 6.02 2.096
8.847091393 38.63853355 "Teff" "GeoN-ETH18-Soil-1426" 0.054214478 27.53255845 173 1097 2024 952 2100 495 1315 0.619757533 8.208897591 6.54 1.161
8.854230923 39.50033896 "Teff" "GeoN-ETH18-Soil-2217" 0.22539857 23.75425372 204 930 1794 1487 2624 726 2376 4.904006004 8.971036911 8.2 1.0787
8.890229356 38.36109263 "Teff" "GeoN-ETH18-Soil-2376" 0.0743 42.92957101 177 971 2145 862 2050 441 1146 0.326648474 9.589607239 6.43 1.239
8.890253369 39.39320432 "Teff" "GeoN-ETH18-Soil-2223" 0.112003649 25.85358288 194 770 2129 1073 2325 554 1711 0.7448439 12.44813824 6.99 0.9769
8.892982917 38.61348834 "Teff" "GeoN-ETH18-Soil-1427" 0.0256 35.87817618 173 1059 2421 1199 2684 551 1723 1.727006078 9.261422157 5.64 1.802
8.922613737 38.3475183 "Teff" "GeoN-ETH18-Soil-2377" 0.233366264 28.29555211 177 980 1418 716 1471 374 950 0.236248299 10.1259613 7.02 1.0989
8.926392355 37.79031992 "Teff" "GeoN-ETH18-Soil-2349" 0.236173199 33.09924043 172 980 2854 868 2508 428 1418 2.723406792 11.54647541 6.34 1.381
8.933411405 37.86952486 "Teff" "GeoN-ETH18-Soil-2347" 0.0459 35.41560814 160 1013 2978 888 2579 478 1480 2.965004921 10.98741341 6.73 1.644
8.94242458 36.5837202 "Teff" "GeoN-ETH18-Soil-2199" 0.0331 34.14791639 185 1657 3316 815 2700 429 1335 1.64033401 8.412464142 5.24 3.42
8.942993555 38.48048516 "Teff" "GeoN-ETH18-Soil-2510" 0.0578 36.06321366 169 1114 1903 891 1903 551 1433 0.607722282 10.94325066 6.62 1.207
8.943347608 38.11471429 "Teff" "GeoN-ETH18-Soil-2362" 0.0317 26.06985029 164 1043 2283 797 2053 417 1241 1.01603508 8.222521782 7.57 1.348
8.945084247 38.25420966 "Teff" "GeoN-ETH18-Soil-2361" 0.0871 28.10425478 176 957 1990 913 2050 436 1257 0.090596922 13.49915218 6.65 1.62
8.963269985 38.00872852 "Teff" "GeoN-ETH18-Soil-2355" 0.0589 25.84135589 153 1088 2984 852 2551 432 1453 2.227267504 9.804747581 5.62 2.306
8.973627604 37.56277907 "Teff" "GeoN-ETH18-Soil-2371" 99999 27.19116838 164 1191 3000 840 2528 467 1325 6.654145718 9.382492065 5.53 2.078
8.978380043 39.3595348 "Teff" "GeoN-ETH18-Soil-2221" 0.160411879 23.16168741 183 829 2060 1148 2395 548 1660 1.888010621 11.05447769 6.59 1.162
8.981499289 39.54790737 "Teff" "GeoN-ETH18-Soil-2218" 0.182976811 26.80298174 203 805 1730 1084 2087 539 1966 1.692007422 10.43466759 7.48 1.5231
8.984434038 37.41927675 "Teff" "GeoN-ETH18-Soil-2369" 0.013 35.21328193 175 1482 3343 1000 2899 595 1553 7.902461052 7.917474747 5.56 2.641
8.988796691 37.70030378 "Teff" "GeoN-ETH18-Soil-2366" 0.00684 26.07806778 161 1214 2813 764 2332 394 1138 10.17704773 8.548433304 6.08 3.072
8.995558561 38.24900904 "Teff" "GeoN-ETH18-Soil-2365" 0.562615578 28.491957325 174 1050 1964 752 1794.5 410 1182 0.8307721615 10.112880708 7.16 0.9804
8.996044101 38.2523118 "Teff" "GeoN-ETH18-Soil-2364" 0.899199998 27.14805025 174 1074 1877 746 1744 403 1155 0.744838834 10.32020283 7 0.8647
8.998725624 38.51297814 "Teff" "GeoN-ETH18-Soil-2515" 0.0475 41.1983498 167 1071 2908 987 2686 508 1462 1.318881512 12.3714962 4.89 2.001
8.998926721 38.39809584 "Teff" "GeoN-ETH18-Soil-2372" 0.0525 30.12063008 174 1068 1964 822 1899 416 1195 0.236248299 13.15840435 6.35 1.233
9.006709898 38.33858478 "Teff" "GeoN-ETH18-Soil-2360" 0.114245476 28.50688412 174 1083 2251 1005 2254 607 1289 0.910412371 11.57130527 5.32 3.485
9.017821432 39.35880657 "Teff" "GeoN-ETH18-Soil-2222" 0.0613 25.01386627 185 815 2136 1119 2413 523 1605 2.318103075 10.64763927 6.84 1.398
9.03026791 38.14562632 "Teff" "GeoN-ETH18-Soil-1702" 0.0493 33.18153457 166 1179 2390 962 2300 523 1444 2.744942904 8.574868202 5.71 2.219
9.036200638 37.83832443 "Teff" "GeoN-ETH18-Soil-2488" 0.0412 29.31889093 175 1303 3556 651 2553 408 1124 6.802528381 11.87915039 6.41 2.148
9.041211469 38.09529376 "Teff" "GeoN-ETH18-Soil-2352" 0.157049135 34.69062813 166 1021 2268 757 1979 408 1160 2.024168968 11.44525051 6.51 2.01
9.045317932 39.68910709 "Teff" "GeoN-ETH18-Soil-2219" 0.121485054 29.05125742 218 829 1749 1463 2547 734 2214 1.056416392 9.690695763 8.36 1.0137
9.085555049 38.90649444 "Teff" "GeoN-ETH18-Soil-1799" 0.152601368 28.15166787 156 909 2766.5 869 2374.5 508.5 1395.5 1.569592893 12.8182354 5.98 1.719
9.086202656 38.90509143 "Teff" "GeoN-ETH18-Soil-1798" 0.154845796 26.81348734 156 909 2620 891 2312 515 1402 1.597805381 12.65513611 5.48 2.369
9.111200461 36.87930772 "Teff" "GeoN-ETH18-Soil-2167" 0.0204 33.32049179 175 1863 3169 851 2621 496 1316 4.709467411 8.111987114 4.94 2.465
9.139465036 37.67476965 "Teff" "GeoN-ETH18-Soil-2354" 0.00644 23.22332251 184 1217 3491 847 2827 482 1245 24.12973785 7.412548065 6.1 2.604
9.146092151 39.54609175 "Teff" "GeoN-ETH18-Soil-2215" 0.017 27.69266712 184 1022 2374 1067 2474 540 1394 12.53460884 7.186611652 6.23 1.098
9.161723636 39.1524217 "Teff" "GeoN-ETH18-Soil-1793" 0.2993889215 25.127245435 151 1122 2072.5 892 2024 521.5 1465.5 0.9199020565 10.871837135 6.975 1.20985
9.162267563 39.15430591 "Teff" "GeoN-ETH18-Soil-1794" 0.467318403 22.59921541 151 1122 1956 863 1912 518 1425 1.152249336 11.4332962 7.83 0.9567
9.169642707 36.80838829 "Teff" "GeoN-ETH18-Soil-2182" 0.0195 25.13486231 169 1447 3549 771 2790 470 1168 3.563145638 7.874132156 4.92 4.067
9.217194359 37.35626659 "Teff" "GeoN-ETH18-Soil-2316" 0.01925 31.474952195 156 1340.5 2808 847 2439.5 439.5 1253.5 6.3038871285 8.058435917 4.85 1.976
9.217628404 37.35499177 "Teff" "GeoN-ETH18-Soil-2315" 0.0208 32.46951648 158 1307 2811 835 2414 443 1259 8.050001144 8.905985832 4.62 1.413
9.231611431 36.88046522 "Teff" "GeoN-ETH18-Soil-2168" 0.0336 28.99344079 180 1314 3787 695 2826 375 1098 3.619518757 7.701749325 4.82 4.442
9.273498835 38.58620901 "Teff" "GeoN-ETH18-Soil-1812" 0.0935 32.08407332 148 992 3543 871 2895 476 1525 1.528553247 13.8185358 5.51 2.529
9.298608149 38.19230848 "Teff" "GeoN-ETH18-Soil-2500" 0.0111 30.92595034 154 1092 3207 890 2764 437 1257 4.214848995 8.39453125 5.08 2.182
9.350858209 38.35874166 "Teff" "GeoN-ETH18-Soil-2508" 0.018053133 33.85767078 147 1290 3330 900 2800 500 1415 1.820376635 8.389701843 5.09 4.896
9.354228462 38.98769256 "Teff" "GeoN-ETH18-Soil-1784" 0.071971972 25.31936332 145 948 3357 943 2876 511 1476 4.329266071 7.896515846 6.34 1.966
9.36873903 39.00250727 "Teff" "GeoN-ETH18-Soil-1785" 0.019213228 30.79491556 146 945 2786 947 2531 506 1482 2.599168539 9.153178215 5.37 3.261
9.384573461 37.41218706 "Teff" "GeoN-ETH18-Soil-2317" 0.0497 30.80664086 166 1599 2854 871 2502 451 1384 3.059498549 8.725398064 5.21 2.527
9.399902056 39.15479697 "Teff" "GeoN-ETH18-Soil-1791" 0.0372 30.86138304 146 978 2808 1044 2677 553 1733 1.824417472 8.197932243 5.88 1.719
9.40071044 38.82349238 "Teff" "GeoN-ETH18-Soil-1810" 0.0737 33.95202453 149 1176 2653 1084 2655 539 1492 1.140798688 7.991915703 6.08 1.72
9.40939655 38.33234862 "Teff" "GeoN-ETH18-Soil-2504" 0.0356 28.02862489 149 1551 2968 847 2510 486 1376 1.286779642 8.303194046 5.38 2.793
9.417409943 38.50613088 "Teff" "GeoN-ETH18-Soil-2513" 0.0774 31.86599291 148 1329 2640 980 2492 522 1333 4.854530811 6.421494484 5.96 2.011
9.429228411 37.42137851 "Teff" "GeoN-ETH18-Soil-2318" 0.0396 34.56730104 167 1548 2568 901 2367 458 1402 1.719394088 10.14421368 5.42 2.366
9.448823859 37.11066316 "Teff" "GeoN-ETH18-Soil-2304" 0.0705 34.70040381 161 1510 3204 769 2492 481 1313 7.381481171 10.51875114 5.98 3.282
9.47626421 38.59819036 "Teff" "GeoN-ETH18-Soil-1813" 0.124110493 20.21549061 208 671 1837 1121 2175 598 1765 3.973722935 10.34754467 8.1 0.6356
9.481027088 38.23576963 "Teff" "GeoN-ETH18-Soil-2502" 0.0377 30.47250641 150 1737 3136 898 2651 513.5 1368 3.3657084705 9.3826680185 5.455 2.599
9.482802065 38.23616403 "Teff" "GeoN-ETH18-Soil-2503" 0.0477 28.28886206 150 1737 2895 892 2487 514 1375 2.696822405 9.625659943 5.51 2.561
9.518780575 38.22779135 "Teff" "GeoN-ETH18-Soil-2506" 0.0405 32.61219506 152 1730 2796 1076 2737 547 1622 2.97081089 9.624614716 5.46 1.901
9.524218886 37.15000151 "Teff" "GeoN-ETH18-Soil-2305" 0.012770772 33.85454981 166 1480 3053 840 2620 404 1259 6.117628574 8.022408485 5.06 2.438
9.527465016 37.48184449 "Teff" "GeoN-ETH18-Soil-2320" 0.0233 27.99414742 164 1802 2379 901 2247 465 1454 1.366527081 8.201215744 5.32 2.258
9.560883188 38.9139224 "Teff" "GeoN-ETH18-Soil-1815" 0.0703 26.39844586 146 1296 2535 1021 2480 541 1824 0.24309656 10.29755402 5.59 2.121
9.567893165 37.52183168 "Teff" "GeoN-ETH18-Soil-2322" 0.032 30.166680235 165 1898 2850 969 2634.5 487.5 1418 1.064628869 8.0246813295 5.26 2.645
9.568860426 37.52176374 "Teff" "GeoN-ETH18-Soil-2321" 0.0292 29.23588092 165 1898 2822 964 2613 479 1403 1.384413838 7.897544384 5.32 2.624
9.58486202 38.66837206 "Teff" "GeoN-ETH18-Soil-1022" 0.124904535 26.14864006 164 1124 3636 729 2785 408 1150 24.23709297 8.045455933 7.36 3.0437
9.599957969 37.20340633 "Teff" "GeoN-ETH18-Soil-2308" 0.0257 30.6299712 165 1625 3272 798 2677 421 1395 7.973197937 9.065639496 4.87 3.306
9.601577595 38.26699084 "Teff" "GeoN-ETH18-Soil-2507" 0.0821 24.8624959 155 1764 2631 1069 2609 553 1423 1.056413293 8.297897339 5.16 2.077
9.6028356 39.20792171 "Teff" "GeoN-ETH18-Soil-1787" 0.213237951 20.41708826 147 1158 2804 1011 2647 521 1716 2.12835145 9.657857895 5.87 2.687
9.611472174 37.3311367 "Teff" "GeoN-ETH18-Soil-2311" 0.050495693 24.57230085 165 1861 2939 812 2459 452 1414 4.453317165 7.816240311 4.85 3.155
9.643244363 38.85040227 "Teff" "GeoN-ETH18-Soil-1019" 0.4922010295 28.22651056 151 1087 2143 861 2053 460 1392 1.43160212 9.310470581 7.09 1.5197
9.643543426 38.85081976 "Teff" "GeoN-ETH18-Soil-1017" 0.312577873 30.2823246 151 1087 2143 861 2053 460 1392 1.43160212 9.310470581 6.47 1.622
9.660298375 39.00632511 "Teff" "GeoN-ETH18-Soil-1000" 0.152026704 32.27457726 152 1083 2629 974 2474 511 1658 2.601673603 9.827549934 5.79 3.272
9.660772728 37.3060572 "Teff" "GeoN-ETH18-Soil-2309" 0.0356 29.207511765 160 1909 2727.5 1008.5 2608 519.5 1487.5 1.1303022205 7.706661224 4.84 2.501
9.663310131 37.30737732 "Teff" "GeoN-ETH18-Soil-2310" 0.0462 30.96736811 160 1909 2742 1046 2662 533 1512 0.697037637 7.951132774 4.84 2.798
9.670223631 38.87943886 "Teff" "GeoN-ETH18-Soil-1047" 0.0608 30.67135763 149 1362 2334 928 2275 462 1336 2.497660398 8.130971909 6.13 1.823
9.677780414 37.52089152 "Teff" "GeoN-ETH18-Soil-2323" 0.0188 30.50236305 165 2028 2615 979 2524 475 1445 2.025381088 11.61703491 4.96 2.643
9.694290535 37.32807924 "Teff" "GeoN-ETH18-Soil-2326" 0.0116 24.18627381 159 1720 2751 1122 2748 599 1572 2.680995941 8.009496689 5.26 3.386
9.710869699 38.38839463 "Teff" "GeoN-ETH18-Soil-1013" 0.115121111 24.16787253 168 1678 2372 1093 2477 574 1874 1.716533542 8.393619537 7.6 1.7899
9.740063629 38.72440491 "Teff" "GeoN-ETH18-Soil-1002" 0.0536 37.23721538 142 1306 2467 898 2257 509 1461 5.262390137 8.067365646 6.29 2.351
9.74881276 36.46190197 "Teff" "GeoN-ETH18-Soil-2195" 0.0233 30.71008904 179 2276 4289 621 2973 421 1107 3.803156137 9.706375122 4.68 2.997
9.754997629 36.28146876 "Teff" "GeoN-ETH18-Soil-2194" 0.0685 25.84930187 178 2350 3951 763 3009 439 1238 7.031076431 8.071481705 5.38 3.482
9.769376653 37.53367664 "Teff" "GeoN-ETH18-Soil-2324" 0.0292 32.78003277 164 1978 2994 956 2680 503 1429 1.974992633 10.88164234 4.88 2.158
9.806716676 38.28025608 "Teff" "GeoN-ETH18-Soil-1010" 0.055 31.35807527 152 1735 3047 999 2758 558 1575 0.598196805 7.974074364 4.675 3.014
9.840085724 36.2633637 "Teff" "GeoN-ETH18-Soil-2193" 0.0202 24.19262727 170 2004 4026 737 3058 420 1250 3.063770771 8.638223648 5.25 2.565
9.840191967 36.63884366 "Teff" "GeoN-ETH18-Soil-2183" 0.00971 27.88963146 173 1776 3930 676 2881 391 1124 6.658106327 9.021665573 4.93 3.206
9.896288092 36.47733986 "Teff" "GeoN-ETH18-Soil-2197" 0.0214 20.1781902 172 1860 3466 914 2941 513 1508 1.003030896 9.472295761 4.94 1.998
9.900209929 36.17311931 "Teff" "GeoN-ETH18-Soil-2192" 99999 24.71651092 163 2407 4414 832 3418 512 1224 5.518053055 7.401966095 5.67 2.55
9.927390919 36.56518216 "Teff" "GeoN-ETH18-Soil-2198" 0.0331 23.23986594 162 2117 3740 725 2799 443 1189 8.967788696 7.914661884 5.66 1.626
9.937939343 38.24221997 "Teff" "GeoN-ETH18-Soil-1007" 99999 36.20191527 155 1654 2086 1113 2315 583 1617 1.306381702 9.477363586 5.13 2.205
9.953785923 38.30447906 "Teff" "GeoN-ETH18-Soil-1009" 0.043 25.37121661 154 1644 2254 909 2162 503 1163 0.551066875 9.242847443 6.08 1.446
9.972796381 39.86521417 "Teff" "GeoN-ETH-SOIL-100" 0.657622921 23.31323732 230 594 2567 900 2329 516 1235 1.820376635 12.18150997 7.95 1.4724
9.975389001 38.50736362 "Teff" "GeoN-ETH18-Soil-1043" 0.0784 22.49702517 175 1556 1774 809 1781 423 1185 2.049516201 9.690464973 7.48 1.141
9.977910576 36.80208476 "Teff" "GeoN-ETH18-Soil-2185" 0.00997 28.44288913 182 1622 3668 616 2588 370 1195 3.104068518 10.73157787 5.06 4.36
9.987996666 36.88153755 "Teff" "GeoN-ETH18-Soil-2184" 99999 24.20269196 172 1858 3292 837 2702 485 1396 1.265560031 9.592557907 4.73 2.908
9.988238755 39.92555062 "Teff" "GeoN-ETH-SOIL-098" 0.639631949 31.3655967 235 624 2284 952 2255 486 1378 2.196163177 10.87957001 7.57 1.9655
10.01026683 38.86812884 "Teff" "GeoN-ETH-SOIL-116" 0.099093882 25.78206597 182 1429 1815 966 1979 522 1206 7.019879341 7.925591469 6.91 1.52
10.01336833 38.90789978 "Teff" "GeoN-ETH-SOIL-115" 0.182059721 21.28468822 174 1611 1710 998 1934 590 1261 2.948431253 7.611477375 6.845 0.905
10.02586047 38.99773503 "Teff" "GeoN-ETH-SOIL-117" 0.0902 24.01025586 167 1525 2115 895 2017 582 1086 6.942425251 9.713040352 7.5 1.195
10.05131977 39.01278335 "Teff" "GeoN-ETH-SOIL-125" 0.0291 27.30365202 172 1377 2420 905 2184 596 1135 7.093010426 10.1509552 6.945 0.617
10.20341237 39.04476066 "Teff" "GeoN-ETH-SOIL-121" 0.0132 28.88175421 170 1406 2398 1065 2431 616 1358 4.971143723 8.096575737 6.51 1.323
10.20550378 39.0469058 "Teff" "GeoN-ETH-SOIL-122" 0.129555091 28.98938899 170 1406 2357 1098 2464 603 1305 11.75581551 8.14273262 6.83 0.3597
10.20992172 38.13899087 "Teff" "GeoN-ETH-SOIL-037" 0.018 26.92187955 160 1711 1782 1022 2054 533 1094 0.292165995 10.11924076 5.22 1.57
10.21223179 38.22735232 "Teff" "GeoN-ETH-SOIL-034" 99999 22.32915509 160 1737 1571 938 1839 488 960 3.762826443 9.09044838 6.68 0.7057
10.2210316 37.98925415 "Teff" "GeoN-ETH-SOIL-029" 0.0127 21.98280323 161 1412 1852 753 1748 433 1068 1.640344262 10.97815132 6.41 1.738
10.23754818 37.83883352 "Teff" "GeoN-ETH-SOIL-014" 0.026716916 27.20110316 162 1473 2769 847 2387 477 1314 5.143050671 9.145107269 5.92 2.354
10.24471396 38.06644429 "Teff" "GeoN-ETH-SOIL-031" 0.0428 22.32780504 161 1391 1768 897 1909 452 1130 0.532894492 8.873077393 5.06 1.537
10.25043707 38.9408777 "Teff" "GeoN-ETH-SOIL-119" 0.0971 27.37014829 195 1345 2633 862 2337 462 1297 6.179051399 6.525504589 7.01 2.259
10.25372327 37.92761522 "Teff" "GeoN-ETH-SOIL-026" 0.0319 29.65498511 158 1457 2795 996 2620 528 1549 2.340606451 9.90747261 5.14 2.19
10.26320207 37.52573372 "Teff" "GeoN-ETH-SOIL-019" 0.0457 32.60396485 174 1328 2529 1058 2538 539 1448 4.797259808 8.703208923 4.92 1.663
10.28410545 37.62902468 "Teff" "GeoN-ETH-SOIL-016" 0.0236 31.41862774 172 1211 2878 960 2641 497 1488 1.45038414 11.21382618 5.68 2.053
10.28504499 38.17658888 "Teff" "GeoN-ETH-SOIL-035" 0.0954 22.65847312 164 1334 2291 842 2086 466 1157 2.606719971 10.97271538 6.41 2.179
10.31683467 38.11693288 "Teff" "GeoN-ETH-SOIL-036" 0.0236 26.89802984 162 1213 1789 879 1885 453 1132 0.326649934 9.731044769 5.83 1.554
10.3242918 37.96571363 "Teff" "GeoN-ETH-SOIL-027" 0.012243801 27.49577753 155 1462 2232 1074 2375 548 1563 2.995750189 8.248908997 5.51 1.815
10.33769359 37.99392333 "Teff" "GeoN-ETH-SOIL-028" 0.0218 26.74188127 156 1383 2644 884 2359 508 1393 0.739313662 10.71650314 5.34 1.949
10.34659397 39.94181452 "Teff" "GeoN-ETH-SOIL-107" 0.233203574 32.59631357 222 776 2210 876 2109 490 1514 2.40138793 11.03122711 7.88 1.9868
10.34928033 39.92685147 "Teff" "GeoN-ETH-SOIL-108" 1.026104706 28.80155886 224 751 2767 792 2347 426 1200 1.556210041 14.18608952 7.83 1.0928
10.35246194 38.31297586 "Teff" "GeoN-ETH-SOIL-046" 0.102077595 20.89002662 161 1473 1657 866 1765 515 987 0.567210197 13.19959927 7.93 0.7012
10.35697922 37.68514425 "Teff" "GeoN-ETH-SOIL-020" 99999 17.50863518 166 1330 3262 733 2538 426 1171 2.097326756 7.831736088 5.69 2.596
10.3572606 37.4982525 "Teff" "GeoN-ETH-SOIL-001" 0.0712 24.99096131 173 1254 2650 1037 2624 489 1605 0.939684212 9.550305367 4.74 1.761
10.38469721 39.32371588 "Teff" "GeoN-ETH-SOIL-308" 0.0779 27.63397542 150 1349 1601 1054 1969 574 1406 1.145820975 9.099080086 6.37 1.023
10.39984641 37.77030146 "Teff" "GeoN-ETH-SOIL-022" 0.0137 27.70467786 160 1216 2627 1056 2621 507 1512 1.183163166 8.871099472 4.85 2.002
10.40499983 38.3183528 "Teff" "GeoN-ETH-SOIL-047" 0.0792 19.70067411 163 1371 1888 881 1927 482 1007 0.924725413 11.64237785 8.17 0.6216
10.41672086 38.22956265 "Teff" "GeoN-ETH-SOIL-050" 0.0525 23.293252 159 1489 2566 800 2205 435 1242 4.963316917 9.181287766 6.51 1.558
10.43083325 38.12186 "Teff" "GeoN-ETH-SOIL-045" 0.279979416 25.96981197 155 1356 2101 778 1923 427 1228 3.454917192 8.687803268 7.3 1.2535
10.43123855 38.98349816 "Teff" "GeoN-ETH-SOIL-385" 0.033 24.72671819 192 1310 2377 1379 2899 643 1990 3.338504553 8.79536438 7.44 0.3876
10.44659961 38.10151179 "Teff" "GeoN-ETH-SOIL-044" 0.111911406 30.06873734 155 1449 1818 875 1889 430 1229 0.407177627 8.173870087 5.99 1.765
10.45287464 38.60142756 "Teff" "GeoN-ETH-SOIL-233" 0.300949302 17.47935399 172 1486 2076 1038 2244 514 1288 17.39896584 6.773032188 6.45 1.345
10.46195461 38.0861575 "Teff" "GeoN-ETH-SOIL-043" 0.0214 27.51181645 155 1427 2332 797 2055 462 1278 1.483357668 9.284864426 6.02 1.927
10.46427249 39.07368293 "Teff" "GeoN-ETH-SOIL-392" 0.128638974 30.97677466 173 1471 1780 1133 2149 616 1515 5.56868124 10.19410229 6.86 0.421
10.47548707 38.60683147 "Teff" "GeoN-ETH-SOIL-236" 0.061 25.00782754 169 1549 2143 931 2113 511 1118 8.012573242 9.04638195 6.87 3.001
10.47779376 38.39038916 "Teff" "GeoN-ETH-SOIL-048" 0.0509 20.12098636 164 1556 1597 934 1806 541 1021 0.674297571 8.960493088 7.42 0.6581
10.47796948 39.91573723 "Teff" "GeoN-ETH-SOIL-110" 0.794351562 30.1500165 222.5 759 2715 864 2429.5 444.5 1583.5 5.1314342025 11.329238895 7.485 1.31255
10.47842591 39.91936001 "Teff" "GeoN-ETH-SOIL-109" 1.120905286 32.48863563 223 740 2883 863 2527 447 1596 5.769699097 10.63757706 7.54 1.6126
10.48078769 38.38733601 "Teff" "GeoN-ETH-SOIL-049" 0.0565 24.43848246 164 1556 1505 933 1765 520 982 1.120479226 10.58300972 7.57 0.5417
10.49149121 38.16778728 "Teff" "GeoN-ETH-SOIL-051" 0.259709403 21.03182993 156 1517 2037 832 1961 425 1164 2.230223894 8.910096169 7.89 1.3433
10.49570657 38.94755035 "Teff" "GeoN-ETH-SOIL-386" 0.0402 29.5328926 191 1059 2147 1068 2299 567 1278 4.029142857 10.13420963 7.11 0.9679
10.50633787 37.97830698 "Teff" "GeoN-ETH-SOIL-040" 0.0187 27.66944789 150 1233 2172 838 2020 463 1197 1.56460762 14.98688126 6.5 2.183
10.51047828 38.714435 "Teff" "GeoN-ETH-SOIL-234" 99999 22.09665337 163 1652 1266 867 1545 491 946 1.177594185 9.886328697 6.985 0.4762
10.54324344 38.01470694 "Teff" "GeoN-ETH-SOIL-042" 0.041615432 31.59223122 147 1249 2238 896 2179 429 1203 4.64650774 8.454768181 5.5 1.084
10.57350187 38.65664617 "Teff" "GeoN-ETH-SOIL-231" 0.033448438 21.59632515 163 1640 2245 880 2119 490 1082 1.85471034 9.044384003 7.01 1.022
10.57983753 38.1601965 "Teff" "GeoN-ETH-SOIL-052" 0.0776 21.00347903 155 1327 2231 816 2027 442 1210 3.024016142 8.367502213 6.64 1.051
10.59191812 38.79086602 "Teff" "GeoN-ETH-SOIL-235" 0.223665902 35.79307033 177 1290 2289 923 2212 502 1167 11.48637104 9.540762901 7.32 0.7856
10.64004905 38.1608814 "Teff" "GeoN-ETH-SOIL-053" 0.0599 20.65771313 155 1249 1773 982 1978 508 1230 1.999314904 9.064949036 6.8 0.8868
10.67060947 38.64217201 "Teff" "GeoN-ETH-SOIL-228" 0.0294 26.99465558 179 1460 2131 796 1960 419 975 10.68963528 8.228122711 6.9 2.096
10.68098959 37.0616273 "Teff" "GeoN-ETH-SOIL-485" 0.0143 23.78298912 178 1246 2867 787 2370 444 1204 4.01659441 9.187781334 5.84 1.887
10.68797302 38.23139645 "Teff" "GeoN-ETH-SOIL-054" 0.0332 19.52545813 162 1273 1964 892 1990 463 1140 6.511886597 8.349930763 8.01 1.31735
10.69139474 39.78791965 "Teff" "GeoN-ETH-SOIL-112" 0.670289016 23.79201039 221 980 2164 923 2175 465 1220 2.969160318 12.27027512 7.7 1.083
10.74699718 38.10079876 "Teff" "GeoN-ETH-SOIL-055" 0.017 19.17396556 153 1285 2021 860 1979 452 1238 3.511181355 13.01892662 6.44 1.755
10.76104714 37.40417815 "Teff" "GeoN-ETH-SOIL-509" 0.0333 23.41941788 189 850 2528 835 2253 416 1230 0.679147303 11.57353783 5.53 1.814
10.77213988 38.09259132 "Teff" "GeoN-ETH-SOIL-056" 0.0266 18.42768161 155 1251 2190 960 2226 454 1298 5.70817852 9.724134445 6.36 1.906
10.77911305 38.92775369 "Teff" "GeoN-ETH-SOIL-237" 0.107856561 21.6650837 152 1245 2329 824 2074 535 1159 3.141748667 12.87435341 7.67 1.467
10.79554902 38.09001477 "Teff" "GeoN-ETH-SOIL-057" 0.0289 23.62155403 151 1269 1968 865 1966 441 1173 2.147878885 7.891107082 6.15 1.877
10.83333768 38.39302838 "Teff" "GeoN-ETH-SOIL-064" 0.0105 27.75715074 165 1348 2025 872 1995 443 1030 1.96081984 9.154258728 6.92 0.591
10.85118291 38.04888117 "Teff" "GeoN-ETH-SOIL-059" 0.0115 24.49508653 150 1381 1981 986 2123 478 1319 2.687106848 7.393413067 5.43 2.216
10.86387672 38.37317667 "Teff" "GeoN-ETH-SOIL-063" 0.03 25.078940585 162 1301 1493 833 1650.5 437 953.5 1.6016576885 8.948219299 7.315 0.7418
10.86451658 38.37114607 "Teff" "GeoN-ETH-SOIL-062" 0.0202 24.75142676 162 1301 1509 843 1675 437 943 0.975672126 9.12622261 7.1 0.5685
10.87414222 38.25521313 "Teff" "GeoN-ETH-SOIL-061" 0.011 19.97418646 149 1334 2413 971 2361 512 1280 1.709355712 11.18624496 6.06 1.859
10.8815543 38.24353309 "Teff" "GeoN-ETH-SOIL-060" 0.0637 18.10992543 148 1239 2536 865 2285 483 1236 8.636311531 7.219489098 7.23 1.4293
10.89312424 37.80216376 "Teff" "GeoN-ETH-SOIL-072" 0.018 20.02063232 151 1501 2200 1052 2375 456 1403 2.611424446 10.28856564 5.48 3.897
10.92339399 38.14695955 "Teff" "GeoN-ETH-SOIL-066" 0.0238 29.04645991 150 1327 2725 987 2596 492 1506 3.008817673 9.792657852 6.29 2.091
10.92460763 37.80696485 "Teff" "GeoN-ETH-SOIL-073" 0.0102 21.68453455 157 1497 2565 976 2485 464 1412 3.240127802 10.56871223 5.28 1.529
10.9378169 36.88160303 "Teff" "GeoN-ETH18-Soil-2764" 0.021 31.38056044 152 1608 2943 866 2519 490 1443 1.48722291 9.787179947 4.87 4.016
10.93875069 38.0588872 "Teff" "GeoN-ETH-SOIL-067" 99999 18.01903657 153 1438 2082 976 2192 452 1304 4.251203537 12.36096478 5.8 1.626
10.94857241 37.92536048 "Teff" "GeoN-ETH-SOIL-069" 99999 19.10001155 155 1464 2325 1011 2392 467 1422 1.54243803 7.501646519 5.28 1.285
10.97332975 37.97551397 "Teff" "GeoN-ETH-SOIL-068" 99999 19.78137272 158 1317 2402 1016 2457 463 1326 2.23315382 7.90408802 5.72 1.429
10.99117591 37.85095395 "Teff" "GeoN-ETH-SOIL-074" 0.019988842 18.88064076 160 1451 2270 1009 2335 510 1470 1.370729208 9.905036926 5.83 1.452
11.01828229 37.92351146 "Teff" "GeoN-ETH-SOIL-070" 0.0102 24.17259266 158 1494 2117 1050 2304 502 1449 0.670636117 8.800185204 5.31 1.914
11.03591523 39.64073038 "Teff" "GeoN-ETH-SOIL-356" 0.0565 17.17685767 155 1266 2908 742 2365 403 1126 7.605703354 9.876110077 6.5 2.424
11.05340206 37.8547581 "Teff" "GeoN-ETH-SOIL-076" 0.0179 17.26911428 162 1519 2311 1117 2521 517 1505 1.308891535 8.711560249 5.66 1.802
11.086182 39.55657906 "Teff" "GeoN-ETH-SOIL-350" 0.103067932 17.65614842 172 1015 2208 827 2028 455 1050 5.340152264 11.15280342 7.35 0.4883
11.10055791 37.90013992 "Teff" "GeoN-ETH-SOIL-078" 0.03 22.62590367 160 1596 2313 1089 2491 518 1492 2.138708591 8.935304642 5.4 1.795
11.11377706 37.82328104 "Teff" "GeoN-ETH-SOIL-077" 0.0139 19.84978084 178 1458 2264 762 2003 384 1054 5.369264126 7.651143551 5.84 1.777
11.12213172 37.73479969 "Teff" "GeoN-ETH-SOIL-075" 0.0334 23.92842644 196 959 1654 781 1671 430 997 5.088595867 9.772069931 7.31 1.1854
11.14407769 37.6284008 "Teff" "GeoN-ETH-SOIL-433" 0.134226152 21.08050978 173 1150 2263 834 2062 462 1171 10.42230511 7.890584469 6.28 2.293
11.16672632 39.19998773 "Teff" "GeoN-ETH-SOIL-291" 0.0267 27.83000685 138 1299 2200 1024 2286 522 1492 1.524802208 9.556447029 6 3.325
11.20848393 39.68775725 "Teff" "GeoN-ETH-SOIL-360" 0.0569 22.86754282 173 1027 2826 643 2182 335 869 7.375607491 9.563611031 7.44 0.6633
11.22367165 37.56703593 "Teff" "GeoN-ETH-SOIL-438" 0.0116 20.81518322 164 1452 2094 958 2163 465 1324 3.48855567 7.921904564 6.09 0.8878
11.26643448 39.63660172 "Teff" "GeoN-ETH-SOIL-340" 0.0892 21.71634749 164 1107 2976 639 2253 347 937 12.06333637 7.343334198 7.41 2.72355
11.28478282 37.86914867 "Teff" "GeoN-ETH-SOIL-249" 0.0443 25.20984009 174 1472 1510 712 1512 393 973 1.696353912 10.43014431 7.41 0.8971
11.30769255 37.47212195 "Teff" "GeoN-ETH-SOIL-440" 0.0192 23.60183408 168 1517 2151 833 2045 407 1102 9.92105484 8.280568123 6.51 1.835
11.3116623 39.66806923 "Teff" "GeoN-ETH-SOIL-339" 0.150134321 26.99063004 190 946 2570 822 2274 421 1151 12.37743187 7.717759609 7.49 1.5976
11.31180194 37.44537588 "Teff" "GeoN-ETH-SOIL-441" 0.104185262 18.66269175 173 1262 2256 789 2037 419 1133 3.246928215 9.210920334 6.945 1.28
11.33324951 39.75409258 "Teff" "GeoN-ETH-SOIL-346" 0.243775119 20.68828797 187 1092 2640 730 2171 406 1072 13.75130749 8.622529984 7.65 1.586
11.33479986 38.34583848 "Teff" "GeoN-ETH-SOIL-244" 0.116300163 28.35587725 159 1365 1747 1040 2030 514 1188 2.729400635 9.185148239 6.855 2.635
11.33732567 37.56907358 "Teff" "GeoN-ETH-SOIL-436" 49999.53035 24.580499955 174 1552.5 2286 847.5 2138 433.5 1215 1.361834049 9.685313704 6.62 1.52845
11.34275237 37.56610132 "Teff" "GeoN-ETH-SOIL-437" 99999 28.95480569 174 1555 2564 877 2346 429 1170 1.020068526 7.885155678 5.77 1.672
11.35457401 39.66147836 "Teff" "GeoN-ETH-SOIL-338" 0.272654277 34.44266618 202 847 2899 762 2369 424 1135 8.86710453 8.610941887 7.83 1.4228
11.35722915 38.29054662 "Teff" "GeoN-ETH-SOIL-245" 0.199406532 35.43843663 157 1502 1652 980 1897 505 1106 3.846671104 10.79127216 6.57 1.554
11.36200068 37.88599722 "Teff" "GeoN-ETH-SOIL-250" 0.0153 21.66788348 164 1440 1872 980 2051 472 1265 1.668583512 8.161941528 6.39 1.579
11.3693155 39.12988296 "Teff" "GeoN-ETH-SOIL-371" 0.193622478 23.56522379 174 1167 1802 1015 2040 535 1186 2.285361528 6.813927174 6.62 0.7133
11.41724422 37.96988263 "Teff" "GeoN-ETH-SOIL-252" 0.0401 18.85028851 170 1117 2197 1003 2277 486 1310 6.504962444 9.233992577 6.53 2.289
11.42663767 38.39321159 "Teff" "GeoN-ETH-SOIL-556" 0.0417 25.82961412 175 1342 1674 843 1737 450 995 8.29468441 7.137316227 7.2 1.4643
11.42704666 37.17380097 "Teff" "GeoN-ETH-SOIL-466" 0.0246 29.1197036 183 1571 2145 926 2170 423 1250 2.35907793 9.103654861 6.35 0.7825
11.44081703 37.40791984 "Teff" "GeoN-ETH-SOIL-442" 0.0158 20.33705201 187 1352 2462 709 2023 388 956 0.810275793 16.8980217 6.08 0.8509
11.46513121 38.79404201 "Teff" "GeoN-ETH-SOIL-172" 0.092 24.82215473 148 1491 1800 917 1902 504 1065 16.3358593 6.701124668 6.35 1.13
11.50136108 37.99531933 "Teff" "GeoN-ETH-SOIL-253" 0.0391 16.71501873 157 1252 1978 1041 2184 515 1356 5.484190941 8.468846321 6.16 1.438
11.50188639 39.61645866 "Teff" "GeoN-ETH-SOIL-337" 0.680080334 22.62883615 198 948 2541 847 2302 438 1141 16.28745079 7.34645319 7.22 1.2152
11.50207098 37.50473951 "Teff" "GeoN-ETH-SOIL-443" 0.0422 20.8228514 202 949 2782 838 2424 415 1267 0.545077264 11.76152325 5.7 2.329
11.50945795 38.05578601 "Teff" "GeoN-ETH-SOIL-259" 0.0282 21.26380179 159 1313 2147 1006 2255 492 1258 7.695843697 7.297914982 5.96 1.918
11.51806449 39.0110424 "Teff" "GeoN-ETH-SOIL-174" 0.793432055 26.45500536 167 1144 1947 966 2066 502 1295 16.8398056 9.330762863 7.03 1.769
11.53089394 39.24959744 "Teff" "GeoN-ETH-SOIL-176" 0.892854541 25.77402098 180 920 1693 1005 1957 521 1178 9.000966072 7.122162342 7.33 1.2253
11.55376883 39.64931657 "Teff" "GeoN-ETH-SOIL-198" 0.402530628 23.96196533 213 874 2239 877 2151 450 1127 3.275011778 11.34006405 7.64 1.4821
11.55558984 39.65609607 "Teff" "GeoN-ETH-SOIL-196" 0.539400597 24.12615339 213 874 3366 670 2507 398 1016 2.327976227 11.9883604 8.53 2.1191
11.5904497 38.49651028 "Teff" "GeoN-ETH-SOIL-552" 0.142725677 24.01928332 169 1083 1861 985 2019 535 1251 13.52352428 9.516689301 6.91 1.932
11.61578902 38.02914221 "Teff" "GeoN-ETH-SOIL-257" 0.0204 23.13490446 164 1126 2273 986 2296 500 1431 2.33955431 9.681090355 5.75 1.509
11.64474948 37.80751001 "Teff" "GeoN-ETH-SOIL-262" 0.031 22.76630577 164 1596 2857 862 2489 458 1217 4.270134449 7.440585613 6.08 0.7298
11.64626976 37.96402966 "Teff" "GeoN-ETH-SOIL-256" 0.0176 25.28741599 161 1475 2952 840 2464 478 1317 6.370821953 7.309179783 5.93 1.974
11.66458367 39.68153034 "Teff" "GeoN-ETH-SOIL-573" 0.907131938 29.11112434 219 804 1794 731 1712 392 1138 1.328801513 14.24031353 7.51 1.7586
11.67491474 39.63006558 "Teff" "GeoN-ETH-SOIL-197" 0.311705057 23.91826024 204 941 2110 748 1890 393 1013 4.359243393 12.22092915 7.76 1.0782
11.68039612 37.02696548 "Teff" "GeoN-ETH-SOIL-457" 0.0429 27.08598049 193 1322 2172 954 2178 506 1452 0.58431679 13.60329819 5.83 1.72
11.69307869 37.04374654 "Teff" "GeoN-ETH-SOIL-456" 0.0315 28.94470999 194 1318 1856 867 1898 433 1187 0.181193382 10.9392662 5.55 1.215
11.69817694 36.95420674 "Teff" "GeoN-ETH18-Soil-2771" 0.0372 23.03122698 182 1815 2003 951 2095 456 1305 2.706515551 8.619001389 5.5 1.871
11.73917412 38.76148804 "Teff" "GeoN-ETH-SOIL-161" 0.0421 27.39248708 138 1346 2090 1013 2218 510 1320 0.540540278 8.30344677 5.76 1.357
11.7451408 39.59491202 "Teff" "GeoN-ETH-SOIL-200" 0.174428977 26.53841879 195 959 2056 790 1908 422 1035 5.885416508 10.78944778 7.71 0.8454
11.76643947 38.90921203 "Teff" "GeoN-ETH-SOIL-147" 0.146404127 18.08856387 175 1060 1315 1043 1790 507 1173 4.979004383 12.03769016 7.65 0.5476
11.81028955 37.00296562 "Teff" "GeoN-ETH-SOIL-455" 0.0278 17.67551694 193 1385 2016 790 1879 446 1170 2.343398094 10.99273109 6.59 1.955
11.81444657 39.55096432 "Teff" "GeoN-ETH-SOIL-570" 0.270251751 20.31450706 202 728 1743 812 1744 456 1050 4.020855904 14.36207485 7.83 0.5604
11.81885792 38.68487942 "Teff" "GeoN-ETH-SOIL-153" 0.02 34.56680962 141 1415 2361 1045 2431 519 1383 1.454328775 7.893414021 6.84 1.72
11.82744179 38.06211667 "Teff" "GeoN-ETH-SOIL-217" 0.0114 32.92986584 153 1309 2332 966 2313 479 1297 3.482216835 9.124582291 5.7 2.21
11.83272699 38.71992129 "Teff" "GeoN-ETH-SOIL-158" 0.0911 23.04083901 155 1364 1781 1197 2266 578 1431 7.891811848 8.847267151 7.71 0.85255
11.83773373 38.088646 "Teff" "GeoN-ETH-SOIL-216" 0.0177 31.56956823 151 1397 2099 1066 2298 515 1457 6.216730118 7.864753246 5.47 2.464
11.87684438 38.72856634 "Teff" "GeoN-ETH-SOIL-159" 0.184438676 26.20775259 181 1015 1516 1315 2241 642 1480 8.207159996 9.21278286 8.1 0.80325
11.87854986 38.01082669 "Teff" "GeoN-ETH-SOIL-220" 0.042651712 24.61857869 153 1544 2763 957 2549 504 1552 2.576702595 8.860429764 5.25 1.84
11.90068463 39.44722873 "Teff" "GeoN-ETH-SOIL-576" 0.139784074 21.08176534 180 788 2273 742 1981 400 972 7.234545708 10.94681644 7.75 1.4917
11.90741328 39.68431937 "Teff" "GeoN-ETH-SOIL-194" 0.187547481 26.73168877 227 701 1853 1090 2161 554 1484 2.269539833 11.48541737 8.345 0.9289
11.91578176 37.78805024 "Teff" "GeoN-ETH-SOIL-213" 0.118217145 21.44729069 190 1353 2725 956 2551 469 1287 3.521412611 12.13571167 6.79 1.193
11.91741362 38.9773545 "Teff" "GeoN-ETH-SOIL-145" 0.118089178 24.95453231 192 585 1237 978 1652 516 1182 1.948241115 11.50838566 7.695 0.2696
11.91970478 39.53947365 "Teff" "GeoN-ETH-SOIL-574" 0.405675682 18.13444076 191 825 1756 734 1670 418 1019 6.733621597 8.998455048 8.02 0.6701
11.94719968 39.07269356 "Teff" "GeoN-ETH-SOIL-566" 0.0971 24.82892933 180 795 1235 950 1621 497 1084 2.755667925 11.19804668 7.9 0.4539
11.95744859 39.22571806 "Teff" "GeoN-ETH-SOIL-565" 0.150100035 17.61349018 169 612 1427 876 1636 490 1144 4.447274208 11.88015747 8.75 0.405
12.07956768 38.71041144 "Teff" "GeoN-ETH18-Soil-2703" 0.268862489 34.28540753 174 1083 2196 1061 2364 505 1300 24.99385262 6.437921047 6.66 1.113
12.09481648 37.88772463 "Teff" "GeoN-ETH-SOIL-206" 0.0389 26.0030607 189 884 1994 989 2134 478 1319 1.847185254 13.15690899 6.71 0.8928
12.113618 38.81599952 "Teff" "GeoN-ETH18-Soil-2689" 0.0724 31.74820646 172 969 1910 1029 2139 486 1191 7.614181042 6.980232716 6.8 1.31
12.11779024 37.85680454 "Teff" "GeoN-ETH18-Soil-2843" 0.0862 30.33445443 180 1080 2315 981 2318 475 1292 2.924756289 12.46587753 6.45 0.5687
12.14431755 38.04459133 "Teff" "GeoN-ETH18-Soil-2842" 0.0201 39.9533493 180 864 1749 1080 2094 525 1263 3.263012171 11.19539642 7.23 0.427
12.17619004 38.954164 "Teff" "GeoN-ETH18-Soil-2694" 0.279774827 32.21428826 176 787 1491 989 1807 524 1160 3.278490782 10.8836174 7.1 0.5454
12.18958246 38.68415246 "Teff" "GeoN-ETH18-Soil-2698" 0.153988698 31.919495635 161 1073 2123.5 1191 2469.5 565.5 1502.5 6.8575809005 7.4207441805 6.37 2.576
12.19245169 38.68305268 "Teff" "GeoN-ETH18-Soil-2702" 0.19119249 33.55649023 160 1102 2045 1192 2423 557 1497 5.301745892 7.207534313 6.64 2.335
12.37699203 37.15992734 "Teff" "GeoN-ETH18-Soil-2856" 0.0354 38.94489619 192 1152 2352 955 2303 471 1237 0.894961715 12.08346844 6 2.074
12.39043629 37.4332417 "Teff" "GeoN-ETH18-Soil-2851" 0.857845022 43.21980795 197 1006 1582 673 1511 355 957 0.286491692 10.61331463 6.91 1.612
12.41083197 37.38949975 "Teff" "GeoN-ETH18-Soil-2848" 0.138087572 49.74389481 196 981 1497 677 1461 360 911 1.353861451 11.10989189 6.6 1.215
12.49422594 37.48783303 "Teff" "GeoN-ETH18-Soil-2863" 0.172342591 41.52156695 185 1113 2092 879 2025 471 1171 2.698037863 10.37329006 7.2 0.7625
12.51638433 39.28439375 "Teff" "GeoN-ETH18-Soil-1096" 0.202840491 23.92665181 170 936 1646 969 1884 506 1228 13.63251781 7.759152889 7.19 0.5815
12.52348774 38.1639869 "Teff" "GeoN-ETH18-Soil-2846" 0.170309516 43.5183865 198 1053 1016 1322 1926 638 1487 1.829795599 9.171922684 6.82 1.267
12.52911162 39.06635967 "Teff" "GeoN-ETH18-Soil-2688" 0.176545201 34.00279561 181 834 1623 1048 1958 542 1417 3.402489662 12.18889427 7.37 1.1267
12.53334636 38.2049443 "Teff" "GeoN-ETH18-Soil-2847" 0.123580568 31.30973516 198 1118 1379 1158 1958 541 1263 2.84104991 7.885593414 6.91 1.139
12.59496438 37.42760527 "Teff" "GeoN-ETH18-Soil-2860" 0.0276 42.49413072 176 948 2114 978 2179 501 1275 5.143208027 9.855690002 6.35 1.483
12.70951652 39.55113407 "Teff" "GeoN-ETH18-Soil-1099" 0.169306989 25.11631581 169 776 2002 943 2086 484 1211 4.071409225 9.775536537 7.04 1.3157
12.73197391 39.0026592 "Teff" "GeoN-ETH18-Soil-2681" 0.78579784 40.7095298 192 848 1619 1262 2227 626 1507 4.751612663 13.05016041 7.33 1.3976
13.03993952 38.97263046 "Teff" "GeoN-ETH18-Soil-2682" 0.223120712 34.01761946 227 720 1649 1885 3053 822 3254 1.09004724 10.38274765 8.22 0.5606
13.09443774 39.49885681 "Teff" "GeoN-ETH18-Soil-1089" 0.146369278 26.63829508 185 650 1372 1310 2124 673 1818 3.54729557 9.97019577 8.31 1.0718
13.31204222 39.46677518 "Teff" "GeoN-ETH18-Soil-1088" 99999 30.39839079 179 630 1449 1595 2522 794 2537 3.501886368 8.770750999 8.4 0.4014
13.53904589 39.44528544 "Teff" "GeoN-ETH18-Soil-1104" 0.142425434 36.22630064 191 728 1560 1623 2625 797 2699 2.800723076 9.083310127 8.17 1.6609
13.64940397 38.96831343 "Teff" "GeoN-ETH18-Soil-1192" 1.915995329 29.51879172 196 891 1225 1863 2685 876 2445 2.715878725 8.57354641 7.2 0.5392
13.76893503 39.10728322 "Teff" "GeoN-ETH18-Soil-1204" 0.668932479 28.44098653 208 659 1606 2006 3187 823 3130 0.518850088 13.20396233 6.79 0.2046
13.78028242 38.64086751 "Teff" "GeoN-ETH18-Soil-1211" 0.115809088 29.966735365 188 1124 2192 1717.5 3204 791.5 2499 4.00807178 10.38849306 5.865 0.8535
13.78044164 38.64241286 "Teff" "GeoN-ETH18-Soil-1207" 0.105459572 27.55605905 189 1071 2168 1726 3208 790 2580 3.423328161 10.69749546 5.63 0.671
13.83398456 38.2040543 "Teff" "GeoN-ETH18-Soil-1158" 0.187703522 27.05160069 211 1288 1677 1100 2079 525 1622 1.921133757 8.785845757 7.8 0.7515
13.87666783 38.18090639 "Teff" "GeoN-ETH18-Soil-1159" 0.122318486 31.20217195 208 1279 1524 1097 1985 541 1566 1.319508195 10.04755116 6.17 1.403
13.88175939 38.64605672 "Teff" "GeoN-ETH18-Soil-1215" 0.162687413 19.52152265 185 1145 1446 1459 2367 701 1998 3.490884066 8.735874176 7.51 1.2309
13.91103536 38.99988245 "Teff" "GeoN-ETH18-Soil-1205" 0.431188764 35.94867101 200 833 1590 1539 2554 708 2511 5.025438309 7.393079281 7.23 0.6112
13.94834725 39.44622852 "Teff" "GeoN-ETH18-Soil-1068" 0.124396751 31.87113405 180 663 2273 1736 3245 865 2879 0.551063538 11.06547165 7.14 0.334
13.94960067 39.15983643 "Teff" "GeoN-ETH18-Soil-1212" 49999.5318 29.222918205 202 721 2046 1871 3253.5 896.5 3313 1.438242257 11.78592062 7 0.4622
13.95042871 39.16111943 "Teff" "GeoN-ETH18-Soil-1193" 0.0636 27.39992893 202 721 2065 1804 3170 886 3290 1.577653766 10.11763477 6.92 0.5676
14.02216746 39.38728955 "Teff" "GeoN-ETH18-Soil-1067" 0.0973 29.96775601 188 665 1426 1620 2525 784 2130 4.07723856 7.985444546 6.62 0.7234
14.03486982 39.12218034 "Teff" "GeoN-ETH18-Soil-1209" 1.375086928 29.7515635 206 522 1334 1870 2780 879 2440 3.157075167 9.431999207 7.2 0.593
14.07781499 38.23203959 "Teff" "GeoN-ETH18-Soil-1154" 0.073547784 26.60689439 198 1232 1796 1405 2554 617 2134 1.614133716 8.12424469 5.94 1.05
14.07842635 38.34494717 "Teff" "GeoN-ETH18-Soil-1153" 0.421857246 27.17251442 193 1110 2237 1046 2326 596 1559 1.959161758 12.56261539 7.09 1.0742
14.09216475 39.20726017 "Teff" "GeoN-ETH18-Soil-1214" 0.0869 29.68724214 189 685 1645 1713 2817 807 2552 1.506953001 13.2651453 7.33 0.6978
14.10281849 38.45323498 "Teff" "GeoN-ETH18-Soil-1151" 0.0623 31.12997875 190 840 1534 1188 2092 601 1561 1.813597918 11.0541296 6.67 0.6453
14.11365371 38.65099164 "Teff" "GeoN-ETH18-Soil-1219" 0.475119141 24.7605164 183 772 1760 1238 2299 590 1552 2.405465126 12.07414436 6.43 1.202
14.1141598 38.7415849 "Teff" "GeoN-ETH18-Soil-1250" 0.051 26.61385645 182 811 1544 1037 1910 584 1479 1.97497952 10.22218323 7.34 0.8577
14.17908446 39.11699633 "Teff" "GeoN-ETH18-Soil-1183" 0.0755 26.597600315 188 580.5 1610 1469 2491.5 672.5 1654.5 6.0948159695 9.6101622605 6.665 0.5325
14.18026529 39.11568624 "Teff" "GeoN-ETH18-Soil-1187" 0.0856 28.09734449 186 596 1613 1473 2499 673 1642 8.285486221 8.802554131 6.59 0.6503
14.18739943 38.24929928 "Teff" "GeoN-ETH18-Soil-1152" 0.159963585 29.58539698 197 1185 1596 1750 2863 706 2521 0.743736744 9.119458199 6.57 1.052
14.19994496 39.03506628 "Teff" "GeoN-ETH18-Soil-1191" 0.157570242 35.45633496 181 727 1857 1365 2542 632 1822 7.147931576 8.878973007 6.43 1.188
14.29074668 39.1301316 "Teff" "GeoN-ETH18-Soil-1182" 99999 28.45743916 183 709 1769 1274 2324 640 1720 5.345145702 7.582226276 7.83 1.054
14.31044142 39.27542553 "Teff" "GeoN-ETH18-Soil-1059" 0.0624 28.93124024 185 613 1787 1389 2514 649 1724 4.23392868 12.07576847 6.71 0.5673
14.40285554 38.18414285 "Teff" "GeoN-ETH18-Soil-1148" 0.0592 30.59480649 203 1095 2047 1718 3090 770 2631 0.653277338 8.859893799 6.45 0.4962
